121
75(1),95,95
75(1),64,64
95,17(3),17
95,47(3),47
64,47(3),47
64,82(3),82
17(3),18,18
17(3),35,35
47(3),35,35
47(3),87(4),87
82(3),87(4),87
82(3),10,10
18,20,20
18,4(5),4
35,4(5),4
35,82(5),82
87(4),82(5),82
87(4),47(5),47
10,47(5),47
10,65(5),65
20,19,19
20,1,1
4(5),1,1
4(5),23(6),23
82(5),23(6),23
82(5),75(6),75
47(5),75(6),75
47(5),3,3
65(5),3,3
65(5),34,34
19,88,88
19,2,2
1,2,2
1,77(7),77
23(6),77(7),77
23(6),73(7),73
75(6),73(7),73
75(6),7,7
3,7,7
3,63(7),63
34,63(7),63
34,67(7),67
88,99,99
88,65(8),65
2,65(8),65
2,4(8),4
77(7),4(8),4
77(7),28(8),28
73(7),28(8),28
73(7),6,6
7,6,6
7,16(8),16
63(7),16(8),16
63(7),70(8),70
67(7),70(8),70
67(7),92,92
99,41(9.1),41
99,41(9.1),41
65(8),41(9.2),41
65(8),26,26
4(8),26,26
4(8),56,56
28(8),56,56
28(8),83,83
6,83,83
6,40(9),40
16(8),40(9),40
16(8),80,80
70(8),80,80
70(8),70(9),70
92,70(9),70
92,33(9),33
41(9.1),41(10),41
41(9.1),48(10),48
41(9.2),48(10),48
41(9.2),72,72
26,72,72
26,33(10),33
56,33(10),33
56,47(10),47
83,47(10),47
83,32,32
40(9),32,32
40(9),37,37
80,37,37
80,16(10),16
70(9),16(10),16
70(9),94,94
33(9),94,94
33(9),29(10),29
41(10),53(11),53
41(10),71(11),71
48(10),71(11),71
48(10),44,44
72,44,44
72,65(11),65
33(10),65(11),65
33(10),25,25
47(10),25,25
47(10),43(11),43
32,43(11),43
32,91(11),91
37,91(11),91
37,52(11),52
16(10),52(11),52
16(10),97,97
94,97,97
94,51,51
29(10),51,51
29(10),14(11),14
53(11),70(12),70
53(11),11,11
71(11),11,11
71(11),33(12),33
44,33(12),33
44,28(12),28
65(11),28(12),28
65(11),77(12),77
25,77(12),77
25,73(12),73
43(11),73(12),73
43(11),17(12.1),17
91(11),17(12.1),17
91(11),78,78
52(11),78,78
52(11),39,39
97,39,39
97,68(12),68
51,68(12),68
51,17(12.2),17
14(11),17(12.2),17
14(11),57,57
70(12),91(13.1),91
70(12),71(13),71
11,71(13),71
11,52(13),52
33(12),52(13),52
33(12),38(13),38
28(12),38(13),38
28(12),17(13),17
77(12),17(13),17
77(12),14(13),14
73(12),14(13),14
73(12),91(13.2),91
17(12.1),91(13.2),91
17(12.1),43(13),43
78,43(13),43
78,58,58
39,58,58
39,50,50
68(12),50,50
68(12),27(13),27
17(12.2),27(13),27
17(12.2),29(13),29
57,29(13),29
57,48(13),48
91(13.1),63(14),63
91(13.1),66,66
71(13),66,66
71(13),4(14),4
52(13),4(14),4
52(13),68(14),68
38(13),68(14),68
38(13),89,89
17(13),89,89
17(13),53(14),53
14(13),53(14),53
14(13),67(14),67
91(13.2),67(14),67
91(13.2),30,30
43(13),30,30
43(13),73(14),73
58,73(14),73
58,16(14),16
50,16(14),16
50,69,69
27(13),69,69
27(13),87(14),87
29(13),87(14),87
29(13),40(14),40
48(13),40(14),40
48(13),31,31
63(14),4(15.1),4
63(14),62,62
66,62,62
66,98(15.1),98
4(14),98(15.1),98
4(14),27(15),27
68(14),27(15),27
68(14),23(15.1),23
89,23(15.1),23
89,9,9
53(14),9,9
53(14),70(15),70
67(14),70(15),70
67(14),98(15.2),98
30,98(15.2),98
30,73(15),73
73(14),73(15),73
73(14),93,93
16(14),93,93
16(14),38(15),38
69,38(15),38
69,53(15),53
87(14),53(15),53
87(14),60,60
40(14),60,60
40(14),4(15.2),4
31,4(15.2),4
31,23(15.2),23
4(15.1),END,0
62,END,0
98(15.1),END,0
27(15),END,0
23(15.1),END,0
9,END,0
70(15),END,0
98(15.2),END,0
73(15),END,0
93,END,0
38(15),END,0
53(15),END,0
60,END,0
4(15.2),END,0
23(15.2),END,0